    jac[0] = -0.697795157546843; 
    jac[1] = 0.925504676456224; 
    jac[2] = 0.474807347041298; 
    jac[3] = -0.303782345583172; 
    jac[4] = -0.349434898074570; 
    jac[5] = 0; 
    jac[6] = 0; 
    jac[7] = 0; 
    jac[8] = 0; 
    jac[9] = 0; 
    jac[10] = 0; 
    jac[11] = 0; 
    jac[12] = 0; 
    jac[13] = 0; 
    jac[14] = 0; 
    jac[15] = 0; 
    jac[16] = 0; 
    jac[17] = 0; 
    jac[18] = 0; 
    jac[19] = 0; 
    jac[20] = 0; 
    jac[21] = 0; 
    jac[22] = 0; 
    jac[23] = 0.00558931556108361*x[100] - 0.00147186229470151*x[101] - 0.000256348830111194*x[102] - 5.49009532821127e-5*x[103] - 0.000354621026709445*x[104] - 0.000112316138510969*x[105] - 1.10608641131587e-5*x[106] + 6.80763375024267e-5*x[107] - 1.09953115753201e-5*x[108] + 0.00774746983647873*x[116] - 0.201717546106188*x[88] - 0.153877062679636*x[89] - 0.0473890997983027*x[90] + 0.00393728412520509*x[91] - 0.00650977636421894*x[92] - 0.00444824851067062*x[93] - 0.000383497610233717*x[94] - 0.164442595320385*x[95] - 0.121650303767645*x[96] - 0.0494912747797899*x[97] - 0.00736306505524507*x[98] - 0.00835277081725329*x[99] + 0.54823677206725; 
    jac[24] = 0.0110903547562358*x[100] - 0.00161981796260697*x[101] + 0.00025714770801021*x[102] + 5.90382214835118e-5*x[103] - 4.78290357251321e-5*x[104] + 0.000274653041863649*x[105] - 0.000174028022279122*x[106] + 7.27211119858543e-5*x[107] - 1.7022795428634e-5*x[108] - 0.00269332797912804*x[116] + 0.11664961760243*x[88] - 0.0362034030589377*x[89] + 0.140386386657963*x[90] + 0.15004860737853*x[91] - 0.00451623267303026*x[92] - 0.0206587746689283*x[93] - 0.00468556658743858*x[94] + 0.0960229408831488*x[95] - 0.037740137575588*x[96] + 0.113165947965244*x[97] - 0.121344274296633*x[98] + 0.00983297935236105*x[99] - 0.190588859145101; 
    jac[25] = -0.0643942927708829*x[100] + 0.0280629066659783*x[101] - 3.19026211420053e-5*x[102] + 0.00014123772069554*x[103] + 9.62806984939131e-5*x[104] - 2.53483359551875e-5*x[105] + 0.000262024869572654*x[106] - 0.000159606116588336*x[107] - 3.19835565580864e-5*x[108] + 0.000628288934228852*x[116] - 0.00695247063193813*x[88] + 0.0773549449296372*x[89] + 0.0452097806188635*x[90] - 0.146728026859626*x[91] + 0.0409994084157749*x[92] + 0.0812263474572412*x[93] + 0.0471739248975624*x[94] - 0.00488073539262858*x[95] + 0.0537628810298365*x[96] + 0.0411322788791979*x[97] + 0.130184684552956*x[98] + 0.0147216997599404*x[99] + 0.0444598177853318; 
    jac[26] = -0.0192543342323112*x[100] + 0.0128781067719018*x[101] + 7.43775121508378e-5*x[102] - 4.67178201743651e-5*x[103] - 3.28612260920251e-5*x[104] - 0.000221216222492603*x[105] + 8.70010249222237e-5*x[106] + 0.000299462711713375*x[107] - 1.13279467712818e-5*x[108] - 0.00103770499206569*x[116] + 0.0326722296014352*x[88] - 0.0886571562760085*x[89] - 0.098327444924796*x[90] - 0.0290679254951214*x[91] - 0.166009228807033*x[92] + 0.0409323899173552*x[93] + 0.025572428659069*x[94] + 0.02664610341964*x[95] - 0.0610633154386852*x[96] - 0.0860387937720506*x[97] + 0.008740568450512*x[98] - 0.143275733040464*x[99] - 0.0734314617824619; 
    jac[27] = -0.104947102350362*x[100] + 0.0670148316740629*x[101] + 4.51266707030635e-5*x[102] + 1.18573209734359e-5*x[103] - 3.4470608809571e-5*x[104] - 7.32099205874877e-6*x[105] + 0.000257088082082627*x[106] + 5.00803484588244e-5*x[107] - 0.00012813723498393*x[108] - 0.000362899323194943*x[116] + 0.0141742524786626*x[88] - 0.0306218540267219*x[89] + 0.00225682436163806*x[90] - 0.0575708723450534*x[91] - 0.0152119735063866*x[92] + 0.117609292764381*x[93] + 0.107285113412937*x[94] + 0.0119825640419666*x[95] - 0.0284404439497397*x[96] + 0.000429475021860126*x[97] + 0.0520519920721357*x[98] - 0.0320137136610347*x[99] - 0.0256799649089323; 
    jac[28] = 0; 
    jac[29] = 0; 
    jac[30] = 0; 
    jac[31] = 0; 
    jac[32] = 0; 
    jac[33] = 0; 
    jac[34] = 0; 
    jac[35] = 0; 
    jac[36] = 0; 
    jac[37] = 0; 
    jac[38] = 0; 
    jac[39] = 0; 
    jac[40] = 0; 
    jac[41] = 0; 
    jac[42] = 0; 
    jac[43] = 0; 
    jac[44] = 0; 
    jac[45] = 0; 
    jac[46] = 0; 
    jac[47] = 0; 
    jac[48] = 0; 
    jac[49] = 0; 
    jac[50] = 0; 
    jac[51] = 0; 
    jac[52] = 0; 
    jac[53] = 0; 
    jac[54] = 0; 
    jac[55] = 0; 
    jac[56] = 0; 
    jac[57] = 0; 
    jac[58] = 0; 
    jac[59] = 0; 
    jac[60] = 0; 
    jac[61] = 0; 
    jac[62] = 0; 
    jac[63] = 0; 
    jac[64] = 0; 
    jac[65] = 0; 
    jac[66] = 0; 
    jac[67] = 0; 
    jac[68] = 0; 
    jac[69] = 0; 
    jac[70] = 0; 
    jac[71] = 0; 
    jac[72] = 0; 
    jac[73] = 0; 
    jac[74] = 0; 
    jac[75] = 0; 
    jac[76] = 0; 
    jac[77] = 0; 
    jac[78] = 0; 
    jac[79] = 0; 
    jac[80] = 0; 
    jac[81] = 0; 
    jac[82] = 0; 
    jac[83] = 0; 
    jac[84] = 0; 
    jac[85] = 0; 
    jac[86] = 0; 
    jac[87] = 0; 
    jac[88] = -0.201717546106188*x[23] + 0.11664961760243*x[24] - 0.00695247063193813*x[25] + 0.0326722296014352*x[26] + 0.0141742524786626*x[27]; 
    jac[89] = -0.153877062679636*x[23] - 0.0362034030589377*x[24] + 0.0773549449296372*x[25] - 0.0886571562760085*x[26] - 0.0306218540267219*x[27]; 
    jac[90] = -0.0473890997983027*x[23] + 0.140386386657963*x[24] + 0.0452097806188635*x[25] - 0.098327444924796*x[26] + 0.00225682436163806*x[27]; 
    jac[91] = 0.00393728412520509*x[23] + 0.15004860737853*x[24] - 0.146728026859626*x[25] - 0.0290679254951214*x[26] - 0.0575708723450534*x[27]; 
    jac[92] = -0.00650977636421894*x[23] - 0.00451623267303026*x[24] + 0.0409994084157749*x[25] - 0.166009228807033*x[26] - 0.0152119735063866*x[27]; 
    jac[93] = -0.00444824851067062*x[23] - 0.0206587746689283*x[24] + 0.0812263474572412*x[25] + 0.0409323899173552*x[26] + 0.117609292764381*x[27]; 
    jac[94] = -0.000383497610233717*x[23] - 0.00468556658743858*x[24] + 0.0471739248975624*x[25] + 0.025572428659069*x[26] + 0.107285113412937*x[27]; 
    jac[95] = -0.164442595320385*x[23] + 0.0960229408831488*x[24] - 0.00488073539262858*x[25] + 0.02664610341964*x[26] + 0.0119825640419666*x[27]; 
    jac[96] = -0.121650303767645*x[23] - 0.037740137575588*x[24] + 0.0537628810298365*x[25] - 0.0610633154386852*x[26] - 0.0284404439497397*x[27]; 
    jac[97] = -0.0494912747797899*x[23] + 0.113165947965244*x[24] + 0.0411322788791979*x[25] - 0.0860387937720506*x[26] + 0.000429475021860126*x[27]; 
    jac[98] = -0.00736306505524507*x[23] - 0.121344274296633*x[24] + 0.130184684552956*x[25] + 0.008740568450512*x[26] + 0.0520519920721357*x[27]; 
    jac[99] = -0.00835277081725329*x[23] + 0.00983297935236105*x[24] + 0.0147216997599404*x[25] - 0.143275733040464*x[26] - 0.0320137136610347*x[27]; 
    jac[100] = 0.00558931556108361*x[23] + 0.0110903547562358*x[24] - 0.0643942927708829*x[25] - 0.0192543342323112*x[26] - 0.104947102350362*x[27]; 
    jac[101] = -0.00147186229470151*x[23] - 0.00161981796260697*x[24] + 0.0280629066659783*x[25] + 0.0128781067719018*x[26] + 0.0670148316740629*x[27]; 
    jac[102] = -0.000256348830111194*x[23] + 0.00025714770801021*x[24] - 3.19026211420053e-5*x[25] + 7.43775121508378e-5*x[26] + 4.51266707030635e-5*x[27]; 
    jac[103] = -5.49009532821127e-5*x[23] + 5.90382214835118e-5*x[24] + 0.00014123772069554*x[25] - 4.67178201743651e-5*x[26] + 1.18573209734359e-5*x[27]; 
    jac[104] = -0.000354621026709445*x[23] - 4.78290357251321e-5*x[24] + 9.62806984939131e-5*x[25] - 3.28612260920251e-5*x[26] - 3.4470608809571e-5*x[27]; 
    jac[105] = -0.000112316138510969*x[23] + 0.000274653041863649*x[24] - 2.53483359551875e-5*x[25] - 0.000221216222492603*x[26] - 7.32099205874877e-6*x[27]; 
    jac[106] = -1.10608641131587e-5*x[23] - 0.000174028022279122*x[24] + 0.000262024869572654*x[25] + 8.70010249222237e-5*x[26] + 0.000257088082082627*x[27]; 
    jac[107] = 6.80763375024267e-5*x[23] + 7.27211119858543e-5*x[24] - 0.000159606116588336*x[25] + 0.000299462711713375*x[26] + 5.00803484588244e-5*x[27]; 
    jac[108] = -1.09953115753201e-5*x[23] - 1.7022795428634e-5*x[24] - 3.19835565580864e-5*x[25] - 1.13279467712818e-5*x[26] - 0.00012813723498393*x[27]; 
    jac[109] = 0; 
    jac[110] = 0; 
    jac[111] = 0; 
    jac[112] = 0; 
    jac[113] = 0; 
    jac[114] = 0; 
    jac[115] = 0; 
    jac[116] = 0.00774746983647873*x[23] - 0.00269332797912804*x[24] + 0.000628288934228852*x[25] - 0.00103770499206569*x[26] - 0.000362899323194943*x[27]; 
    jac[117] = 0; 
    jac[118] = 0; 
    jac[119] = 0; 
    jac[120] = 0; 
    jac[121] = 0; 
    jac[122] = 0; 
    jac[123] = 0; 
    jac[124] = 0; 
    jac[125] = 0; 
    jac[126] = 0; 
    jac[127] = 0; 
    jac[128] = -0.354997056810062; 
    jac[129] = -0.624275216320720; 
    jac[130] = -1.32117588885355; 
    jac[131] = 0.245574347112358; 
    jac[132] = 0.613823510917052; 
    jac[133] = 0; 
    jac[134] = 0; 
    jac[135] = 0; 
    jac[136] = 0; 
    jac[137] = 0; 
    jac[138] = 0; 
    jac[139] = 0; 
    jac[140] = 0; 
    jac[141] = 0; 
    jac[142] = 0; 
    jac[143] = 0; 
    jac[144] = 0; 
    jac[145] = 0; 
    jac[146] = 0; 
    jac[147] = 0; 
    jac[148] = 0; 
    jac[149] = 0; 
    jac[150] = 0; 
    jac[151] = -0.00337992314777978*x[100] + 0.00302769399418405*x[101] + 7.59561527502384e-5*x[102] + 8.27050610595057e-5*x[103] - 0.000255750363067869*x[104] + 0.000203413359298453*x[105] - 0.000102640300035253*x[106] + 5.59087625756446e-5*x[107] - 2.92406951318845e-5*x[108] + 0.00286128746730742*x[116] - 0.0217095707435461*x[88] - 0.11114201538379*x[89] + 0.134548693433932*x[90] + 0.105601455595836*x[91] + 0.0080787431896858*x[92] + 0.000308394727061118*x[93] + 0.00490124817354779*x[94] - 0.0164188217381335*x[95] - 0.100277012890371*x[96] + 0.102709752629048*x[97] - 0.0839532013652614*x[98] + 0.0124948051412678*x[99] + 0.202474231993404; 
    jac[152] = -0.0407140876130161*x[100] + 0.0155932773603646*x[101] - 0.000175611214323111*x[102] + 0.000158058320844767*x[103] - 0.000272909481881937*x[104] + 6.67575526374551e-5*x[105] + 0.000128974592162789*x[106] - 0.000143033590735772*x[107] - 3.56053632899926e-5*x[108] + 0.0075887668556154*x[116] - 0.159310385649963*x[88] - 0.066635066056873*x[89] + 0.110921666522675*x[90] - 0.0626618792855819*x[91] + 0.0741231727670555*x[92] + 0.0496227277789397*x[93] + 0.0267213584010625*x[94] - 0.128433028619291*x[95] - 0.0681791694775847*x[96] + 0.0849319032589753*x[97] + 0.0619386090975658*x[98] + 0.0484495745282808*x[99] + 0.537006420509598; 
    jac[153] = -0.0138026871592108*x[100] - 0.0316131290547881*x[101] + 0.000164137770442894*x[102] + 0.000277500209113141*x[103] - 6.42097300222473e-6*x[104] + 3.72040064225279e-5*x[105] + 9.03191162744389e-5*x[106] + 9.31077244001595e-5*x[107] + 5.45390982328857e-5*x[108] + 0.000569927747197296*x[116] + 0.0596208849148533*x[88] - 0.00803798222792263*x[89] + 0.141769388348313*x[90] - 0.0543442767032681*x[91] - 0.101621953736948*x[92] + 0.0491070879654923*x[93] - 0.0423122743305013*x[94] + 0.0508072837422942*x[95] - 0.0175666136566362*x[96] + 0.115191797761791*x[97] + 0.0428464839906447*x[98] - 0.0896462386192094*x[99] + 0.0403299857927576; 
    jac[154] = 0.0876321219681551*x[100] - 0.0581397345446774*x[101] - 0.000144396217083281*x[102] + 8.6086496610461e-5*x[103] + 0.000151677974977255*x[104] - 7.46229426734437e-5*x[105] - 0.000105938026341537*x[106] - 0.000189475374739534*x[107] + 0.000124062691824642*x[108] + 0.00153870072187581*x[116] - 0.0479789525233532*x[88] + 0.117555960155583*x[89] - 0.0019744530532429*x[90] - 0.0674190936267492*x[91] + 0.0402486797094358*x[92] - 0.0910218249594534*x[93] - 0.0981711760147537*x[94] - 0.0393259909556812*x[95] + 0.0956424048415665*x[96] + 0.00460756400768672*x[97] + 0.0548117850334938*x[98] + 0.0419002155140497*x[99] + 0.108883588415769; 
    jac[155] = -0.0862265459081051*x[100] - 0.0172787046293545*x[101] - 4.59317846743933e-5*x[102] + 3.28224854011228e-6*x[103] - 4.539532813276e-5*x[104] + 0.000250088130604461*x[105] + 0.000105902049960115*x[106] - 8.02628932720977e-5*x[107] - 5.78702984771118e-5*x[108] + 0.000415855975237496*x[116] - 0.0311989284881796*x[88] + 0.0273326625005142*x[89] + 0.0747079065053316*x[90] + 0.0517740482917615*x[91] + 0.0865424497561613*x[92] + 0.09032042352808*x[93] - 0.0192624317574748*x[94] - 0.0254790651193131*x[95] + 0.0128362475193597*x[96] + 0.0678116086886774*x[97] - 0.0259253590586266*x[98] + 0.0634731387728461*x[99] + 0.0294273540034464; 
    jac[156] = 0; 
    jac[157] = 0; 
    jac[158] = 0; 
    jac[159] = 0; 
    jac[160] = 0; 
    jac[161] = 0; 
    jac[162] = 0; 
    jac[163] = 0; 
    jac[164] = 0; 
    jac[165] = 0; 
    jac[166] = 0; 
    jac[167] = 0; 
    jac[168] = 0; 
    jac[169] = 0; 
    jac[170] = 0; 
    jac[171] = 0; 
    jac[172] = 0; 
    jac[173] = 0; 
    jac[174] = 0; 
    jac[175] = 0; 
    jac[176] = 0; 
    jac[177] = 0; 
    jac[178] = 0; 
    jac[179] = 0; 
    jac[180] = 0; 
    jac[181] = 0; 
    jac[182] = 0; 
    jac[183] = 0; 
    jac[184] = 0; 
    jac[185] = 0; 
    jac[186] = 0; 
    jac[187] = 0; 
    jac[188] = 0; 
    jac[189] = 0; 
    jac[190] = 0; 
    jac[191] = 0; 
    jac[192] = 0; 
    jac[193] = 0; 
    jac[194] = 0; 
    jac[195] = 0; 
    jac[196] = 0; 
    jac[197] = 0; 
    jac[198] = 0; 
    jac[199] = 0; 
    jac[200] = 0; 
    jac[201] = 0; 
    jac[202] = 0; 
    jac[203] = 0; 
    jac[204] = 0; 
    jac[205] = 0; 
    jac[206] = 0; 
    jac[207] = 0; 
    jac[208] = 0; 
    jac[209] = 0; 
    jac[210] = 0; 
    jac[211] = 0; 
    jac[212] = 0; 
    jac[213] = 0; 
    jac[214] = 0; 
    jac[215] = 0; 
    jac[216] = -0.0217095707435461*x[23] - 0.159310385649963*x[24] + 0.0596208849148533*x[25] - 0.0479789525233532*x[26] - 0.0311989284881796*x[27]; 
    jac[217] = -0.11114201538379*x[23] - 0.066635066056873*x[24] - 0.00803798222792263*x[25] + 0.117555960155583*x[26] + 0.0273326625005142*x[27]; 
    jac[218] = 0.134548693433932*x[23] + 0.110921666522675*x[24] + 0.141769388348313*x[25] - 0.0019744530532429*x[26] + 0.0747079065053316*x[27]; 
    jac[219] = 0.105601455595836*x[23] - 0.0626618792855819*x[24] - 0.0543442767032681*x[25] - 0.0674190936267492*x[26] + 0.0517740482917615*x[27]; 
    jac[220] = 0.0080787431896858*x[23] + 0.0741231727670555*x[24] - 0.101621953736948*x[25] + 0.0402486797094358*x[26] + 0.0865424497561613*x[27]; 
    jac[221] = 0.000308394727061118*x[23] + 0.0496227277789397*x[24] + 0.0491070879654923*x[25] - 0.0910218249594534*x[26] + 0.09032042352808*x[27]; 
    jac[222] = 0.00490124817354779*x[23] + 0.0267213584010625*x[24] - 0.0423122743305013*x[25] - 0.0981711760147537*x[26] - 0.0192624317574748*x[27]; 
    jac[223] = -0.0164188217381335*x[23] - 0.128433028619291*x[24] + 0.0508072837422942*x[25] - 0.0393259909556812*x[26] - 0.0254790651193131*x[27]; 
    jac[224] = -0.100277012890371*x[23] - 0.0681791694775847*x[24] - 0.0175666136566362*x[25] + 0.0956424048415665*x[26] + 0.0128362475193597*x[27]; 
    jac[225] = 0.102709752629048*x[23] + 0.0849319032589753*x[24] + 0.115191797761791*x[25] + 0.00460756400768672*x[26] + 0.0678116086886774*x[27]; 
    jac[226] = -0.0839532013652614*x[23] + 0.0619386090975658*x[24] + 0.0428464839906447*x[25] + 0.0548117850334938*x[26] - 0.0259253590586266*x[27]; 
    jac[227] = 0.0124948051412678*x[23] + 0.0484495745282808*x[24] - 0.0896462386192094*x[25] + 0.0419002155140497*x[26] + 0.0634731387728461*x[27]; 
    jac[228] = -0.00337992314777978*x[23] - 0.0407140876130161*x[24] - 0.0138026871592108*x[25] + 0.0876321219681551*x[26] - 0.0862265459081051*x[27]; 
    jac[229] = 0.00302769399418405*x[23] + 0.0155932773603646*x[24] - 0.0316131290547881*x[25] - 0.0581397345446774*x[26] - 0.0172787046293545*x[27]; 
    jac[230] = 7.59561527502384e-5*x[23] - 0.000175611214323111*x[24] + 0.000164137770442894*x[25] - 0.000144396217083281*x[26] - 4.59317846743933e-5*x[27]; 
    jac[231] = 8.27050610595057e-5*x[23] + 0.000158058320844767*x[24] + 0.000277500209113141*x[25] + 8.6086496610461e-5*x[26] + 3.28224854011228e-6*x[27]; 
    jac[232] = -0.000255750363067869*x[23] - 0.000272909481881937*x[24] - 6.42097300222473e-6*x[25] + 0.000151677974977255*x[26] - 4.539532813276e-5*x[27]; 
    jac[233] = 0.000203413359298453*x[23] + 6.67575526374551e-5*x[24] + 3.72040064225279e-5*x[25] - 7.46229426734437e-5*x[26] + 0.000250088130604461*x[27]; 
    jac[234] = -0.000102640300035253*x[23] + 0.000128974592162789*x[24] + 9.03191162744389e-5*x[25] - 0.000105938026341537*x[26] + 0.000105902049960115*x[27]; 
    jac[235] = 5.59087625756446e-5*x[23] - 0.000143033590735772*x[24] + 9.31077244001595e-5*x[25] - 0.000189475374739534*x[26] - 8.02628932720977e-5*x[27]; 
    jac[236] = -2.92406951318845e-5*x[23] - 3.56053632899926e-5*x[24] + 5.45390982328857e-5*x[25] + 0.000124062691824642*x[26] - 5.78702984771118e-5*x[27]; 
    jac[237] = 0; 
    jac[238] = 0; 
    jac[239] = 0; 
    jac[240] = 0; 
    jac[241] = 0; 
    jac[242] = 0; 
    jac[243] = 0; 
    jac[244] = 0.00286128746730742*x[23] + 0.0075887668556154*x[24] + 0.000569927747197296*x[25] + 0.00153870072187581*x[26] + 0.000415855975237496*x[27]; 
    jac[245] = 0; 
    jac[246] = 0; 
    jac[247] = 0; 
    jac[248] = 0; 
    jac[249] = 0; 
    jac[250] = 0; 
    jac[251] = 0; 
    jac[252] = 0; 
    jac[253] = 0; 
    jac[254] = 0; 
    jac[255] = 0; 
    jac[256] = -0.0327681051775541; 
    jac[257] = 0.632288841492794; 
    jac[258] = -0.738883336330237; 
    jac[259] = 2.03382452944073; 
    jac[260] = 0.753389848820405; 
    jac[261] = 0; 
    jac[262] = 0; 
    jac[263] = 0; 
    jac[264] = 0; 
    jac[265] = 0; 
    jac[266] = 0; 
    jac[267] = 0; 
    jac[268] = 0; 
    jac[269] = 0; 
    jac[270] = 0; 
    jac[271] = 0; 
    jac[272] = 0; 
    jac[273] = 0; 
    jac[274] = 0; 
    jac[275] = 0; 
    jac[276] = 0; 
    jac[277] = 0; 
    jac[278] = 0; 
    jac[279] = 0.0513200266199251*x[100] - 0.0199813994001512*x[101] - 7.65411491511594e-5*x[102] - 0.000193178076938465*x[103] - 0.000133795040558907*x[104] - 0.000119999471479899*x[105] - 0.000179817064533323*x[106] + 0.000200797539969398*x[107] + 2.28499262915828e-5*x[108] + 0.000944112484179011*x[116] - 0.0526645150450847*x[88] - 0.103345391365798*x[89] - 0.123630023693611*x[90] + 0.0943166570735603*x[91] - 0.0669240178166597*x[92] - 0.0619634887524098*x[93] - 0.0325994863177509*x[94] - 0.0441330222906342*x[95] - 0.0692244426788454*x[96] - 0.107106549722946*x[97] - 0.0906575843478605*x[98] - 0.042944766156151*x[99] + 0.0668085441723959; 
    jac[280] = 0.0283407556651761*x[100] + 0.00633674692635381*x[101] - 0.000126243375765871*x[102] - 0.000132322178299991*x[103] + 9.7210822411002e-5*x[104] + 3.15216482343255e-5*x[105] - 8.01543500381372e-5*x[106] - 0.000220650292161809*x[107] + 7.05846108116031e-7*x[108] - 0.000731376556312825*x[116] - 0.0320100613571769*x[88] + 0.0806370160727425*x[89] - 0.0551840956963354*x[90] + 0.0118834336400152*x[91] + 0.132890772980533*x[92] - 0.0571505102147224*x[93] + 0.00426239980361387*x[94] - 0.0274992768978862*x[95] + 0.0682445889456275*x[96] - 0.0403395948688287*x[97] - 0.00266851930854823*x[98] + 0.115606275192471*x[99] - 0.0517546413037533; 
    jac[281] = -0.0793057981839308*x[100] + 0.0663235239570684*x[101] + 0.00011808852934887*x[102] - 0.000176888574046889*x[103] + 0.000252030147768572*x[104] + 6.59836496542587e-5*x[105] + 0.000109767143081729*x[106] + 1.45002715943076e-5*x[107] - 0.000138606288085264*x[108] - 0.00712598641299347*x[116] + 0.127502307224421*x[88] + 0.0913454500584364*x[89] - 0.0806674809498209*x[90] + 0.032468521672357*x[91] + 0.0255162192861199*x[92] + 0.0651187558720044*x[93] + 0.0969705492598273*x[94] + 0.102417193737531*x[95] + 0.0798458536187036*x[96] - 0.0570308263441085*x[97] - 0.0214867369221633*x[98] + 0.0150010725249337*x[99] - 0.504258534890954; 
    jac[282] = -0.0102197245388369*x[100] - 0.0563756481992325*x[101] - 0.000288190191579233*x[102] - 4.25177536204626e-5*x[103] - 3.29472702189379e-5*x[104] + 1.28161106085214e-6*x[105] + 3.25421891554192e-5*x[106] - 0.000110243513867218*x[107] + 4.24558804355302e-5*x[108] + 0.00375324283840567*x[116] - 0.149072441720019*x[88] + 0.0445069864318081*x[89] - 0.0431577954615863*x[90] - 0.0184500354762578*x[91] + 0.0643336066629914*x[92] + 0.0143263972207983*x[93] - 0.0838044346539543*x[94] - 0.122451277307925*x[95] + 0.0374073216938091*x[96] - 0.0289221577521236*x[97] + 0.022448177532648*x[98] + 0.0496916920952585*x[99] + 0.265591965111447; 
    jac[283] = 0.0585203370170185*x[100] + 0.0263088273662713*x[101] - 6.31494276159305e-5*x[102] + 0.000146333680117163*x[103] + 0.000147659705690557*x[104] - 9.22473973179157e-5*x[105] - 4.36000770783852e-5*x[106] - 0.000124682377887704*x[107] - 1.14940842763406e-5*x[108] + 0.00147971434295989*x[116] - 0.0143999390214505*x[88] + 0.0952956268998277*x[89] + 0.0244636974412546*x[90] - 0.0858424396057184*x[91] - 0.00657571696023694*x[92] - 0.0654309117480716*x[93] + 0.0122592178591525*x[94] - 0.011309792730259*x[95] + 0.0752247986248802*x[96] + 0.0229002515243162*x[97] + 0.0661046605763887*x[98] - 0.00165200687375999*x[99] + 0.104709515762975; 
    jac[284] = 0; 
    jac[285] = 0; 
    jac[286] = 0; 
    jac[287] = 0; 
    jac[288] = 0; 
    jac[289] = 0; 
    jac[290] = 0; 
    jac[291] = 0; 
    jac[292] = 0; 
    jac[293] = 0; 
    jac[294] = 0; 
    jac[295] = 0; 
    jac[296] = 0; 
    jac[297] = 0; 
    jac[298] = 0; 
    jac[299] = 0; 
    jac[300] = 0; 
    jac[301] = 0; 
    jac[302] = 0; 
    jac[303] = 0; 
    jac[304] = 0; 
    jac[305] = 0; 
    jac[306] = 0; 
    jac[307] = 0; 
    jac[308] = 0; 
    jac[309] = 0; 
    jac[310] = 0; 
    jac[311] = 0; 
    jac[312] = 0; 
    jac[313] = 0; 
    jac[314] = 0; 
    jac[315] = 0; 
    jac[316] = 0; 
    jac[317] = 0; 
    jac[318] = 0; 
    jac[319] = 0; 
    jac[320] = 0; 
    jac[321] = 0; 
    jac[322] = 0; 
    jac[323] = 0; 
    jac[324] = 0; 
    jac[325] = 0; 
    jac[326] = 0; 
    jac[327] = 0; 
    jac[328] = 0; 
    jac[329] = 0; 
    jac[330] = 0; 
    jac[331] = 0; 
    jac[332] = 0; 
    jac[333] = 0; 
    jac[334] = 0; 
    jac[335] = 0; 
    jac[336] = 0; 
    jac[337] = 0; 
    jac[338] = 0; 
    jac[339] = 0; 
    jac[340] = 0; 
    jac[341] = 0; 
    jac[342] = 0; 
    jac[343] = 0; 
    jac[344] = -0.0526645150450847*x[23] - 0.0320100613571769*x[24] + 0.127502307224421*x[25] - 0.149072441720019*x[26] - 0.0143999390214505*x[27]; 
    jac[345] = -0.103345391365798*x[23] + 0.0806370160727425*x[24] + 0.0913454500584364*x[25] + 0.0445069864318081*x[26] + 0.0952956268998277*x[27]; 
    jac[346] = -0.123630023693611*x[23] - 0.0551840956963354*x[24] - 0.0806674809498209*x[25] - 0.0431577954615863*x[26] + 0.0244636974412546*x[27]; 
    jac[347] = 0.0943166570735603*x[23] + 0.0118834336400152*x[24] + 0.032468521672357*x[25] - 0.0184500354762578*x[26] - 0.0858424396057184*x[27]; 
    jac[348] = -0.0669240178166597*x[23] + 0.132890772980533*x[24] + 0.0255162192861199*x[25] + 0.0643336066629914*x[26] - 0.00657571696023694*x[27]; 
    jac[349] = -0.0619634887524098*x[23] - 0.0571505102147224*x[24] + 0.0651187558720044*x[25] + 0.0143263972207983*x[26] - 0.0654309117480716*x[27]; 
    jac[350] = -0.0325994863177509*x[23] + 0.00426239980361387*x[24] + 0.0969705492598273*x[25] - 0.0838044346539543*x[26] + 0.0122592178591525*x[27]; 
    jac[351] = -0.0441330222906342*x[23] - 0.0274992768978862*x[24] + 0.102417193737531*x[25] - 0.122451277307925*x[26] - 0.011309792730259*x[27]; 
    jac[352] = -0.0692244426788454*x[23] + 0.0682445889456275*x[24] + 0.0798458536187036*x[25] + 0.0374073216938091*x[26] + 0.0752247986248802*x[27]; 
    jac[353] = -0.107106549722946*x[23] - 0.0403395948688287*x[24] - 0.0570308263441085*x[25] - 0.0289221577521236*x[26] + 0.0229002515243162*x[27]; 
    jac[354] = -0.0906575843478605*x[23] - 0.00266851930854823*x[24] - 0.0214867369221633*x[25] + 0.022448177532648*x[26] + 0.0661046605763887*x[27]; 
    jac[355] = -0.042944766156151*x[23] + 0.115606275192471*x[24] + 0.0150010725249337*x[25] + 0.0496916920952585*x[26] - 0.00165200687375999*x[27]; 
    jac[356] = 0.0513200266199251*x[23] + 0.0283407556651761*x[24] - 0.0793057981839308*x[25] - 0.0102197245388369*x[26] + 0.0585203370170185*x[27]; 
    jac[357] = -0.0199813994001512*x[23] + 0.00633674692635381*x[24] + 0.0663235239570684*x[25] - 0.0563756481992325*x[26] + 0.0263088273662713*x[27]; 
    jac[358] = -7.65411491511594e-5*x[23] - 0.000126243375765871*x[24] + 0.00011808852934887*x[25] - 0.000288190191579233*x[26] - 6.31494276159305e-5*x[27]; 
    jac[359] = -0.000193178076938465*x[23] - 0.000132322178299991*x[24] - 0.000176888574046889*x[25] - 4.25177536204626e-5*x[26] + 0.000146333680117163*x[27]; 
    jac[360] = -0.000133795040558907*x[23] + 9.7210822411002e-5*x[24] + 0.000252030147768572*x[25] - 3.29472702189379e-5*x[26] + 0.000147659705690557*x[27]; 
    jac[361] = -0.000119999471479899*x[23] + 3.15216482343255e-5*x[24] + 6.59836496542587e-5*x[25] + 1.28161106085214e-6*x[26] - 9.22473973179157e-5*x[27]; 
    jac[362] = -0.000179817064533323*x[23] - 8.01543500381372e-5*x[24] + 0.000109767143081729*x[25] + 3.25421891554192e-5*x[26] - 4.36000770783852e-5*x[27]; 
    jac[363] = 0.000200797539969398*x[23] - 0.000220650292161809*x[24] + 1.45002715943076e-5*x[25] - 0.000110243513867218*x[26] - 0.000124682377887704*x[27]; 
    jac[364] = 2.28499262915828e-5*x[23] + 7.05846108116031e-7*x[24] - 0.000138606288085264*x[25] + 4.24558804355302e-5*x[26] - 1.14940842763406e-5*x[27]; 
    jac[365] = 0; 
    jac[366] = 0; 
    jac[367] = 0; 
    jac[368] = 0; 
    jac[369] = 0; 
    jac[370] = 0; 
    jac[371] = 0; 
    jac[372] = 0.000944112484179011*x[23] - 0.000731376556312825*x[24] - 0.00712598641299347*x[25] + 0.00375324283840567*x[26] + 0.00147971434295989*x[27]; 
    jac[373] = 0; 
    jac[374] = 0; 
    jac[375] = 0; 
    jac[376] = 0; 
    jac[377] = 0; 
    jac[378] = 0; 
    jac[379] = 0; 
    jac[380] = 0; 
    jac[381] = 0; 
    jac[382] = 0; 
    jac[383] = 0; 
    jac[384] = 0.00247695250079341; 
    jac[385] = 0.176266676328660; 
    jac[386] = -1.28671664431649; 
    jac[387] = -0.749068038977759; 
    jac[388] = -1.68636778552514; 
    jac[389] = 0; 
    jac[390] = 0; 
    jac[391] = 0; 
    jac[392] = 0; 
    jac[393] = 0; 
    jac[394] = 0; 
    jac[395] = 0; 
    jac[396] = 0; 
    jac[397] = 0; 
    jac[398] = 0; 
    jac[399] = 0; 
    jac[400] = 0; 
    jac[401] = 0; 
    jac[402] = 0; 
    jac[403] = 0; 
    jac[404] = 0; 
    jac[405] = 0; 
    jac[406] = 0; 
    jac[407] = 0.00243276581096687*x[100] + 0.0222760927483621*x[101] + 3.25351418134174e-5*x[102] - 5.94152327703182e-5*x[103] - 9.74527507415698e-5*x[104] + 0.000269840299944055*x[105] - 0.000156083369611997*x[106] - 0.000115236951952889*x[107] - 6.46149376380318e-5*x[108] - 4.30687433830291e-5*x[116] + 0.00198259330116768*x[88] - 0.016430155317543*x[89] + 0.0821918249974107*x[90] + 0.134631283321669*x[91] + 0.119955828785482*x[92] - 0.0330635006538718*x[93] + 0.0272648897931311*x[94] + 0.00144116691839901*x[95] - 0.0203626485125335*x[96] + 0.0665939595806728*x[97] - 0.100668599590751*x[98] + 0.10966647828146*x[99] - 0.00304768774163261; 
    jac[408] = -0.0860623778413303*x[100] + 0.0754231831410083*x[101] - 6.8499593329623e-5*x[102] - 0.000143461433678084*x[103] - 0.00020026015216952*x[104] - 4.72916739970101e-6*x[105] + 0.000134928441048889*x[106] + 8.84166350993304e-5*x[107] - 0.000158419108311447*x[108] + 0.00178033158749564*x[116] - 0.0663487544689297*x[88] - 0.110412834530837*x[89] - 0.0573309875485952*x[90] + 0.0264774970174208*x[91] + 0.0143773876199033*x[92] + 0.0795315749881622*x[93] + 0.116662542468409*x[94] - 0.0545675496037687*x[95] - 0.0871864075477156*x[96] - 0.0531897003268892*x[97] - 0.019238855857198*x[98] - 0.000349423445797175*x[99] + 0.125982193327466; 
    jac[409] = -0.0577333135717081*x[100] - 0.0253833851403008*x[101] - 9.03665949948941e-6*x[102] - 0.000155403222955669*x[103] + 0.000124282690603327*x[104] + 8.55719758649128e-5*x[105] + 7.17854545353941e-5*x[106] + 1.36182702730619e-6*x[107] - 3.32587185612541e-5*x[108] - 0.00381513224023631*x[116] + 0.0357541419207503*x[88] + 0.0608508634727732*x[89] - 0.0651372026213455*x[90] + 0.0452452693591462*x[91] + 0.0393643122740675*x[92] + 0.0572811922626026*x[93] - 0.0338503878406833*x[94] + 0.0277306047262277*x[95] + 0.0539676674585151*x[96] - 0.0441868249613362*x[97] - 0.029507893287994*x[98] + 0.0291739409032438*x[99] - 0.269971465335513; 
    jac[410] = -0.029508720121687*x[100] - 0.0249950468903508*x[101] + 0.000236972572357151*x[102] - 0.000114161173206987*x[103] + 0.00012564094989989*x[104] + 3.42815270080822e-5*x[105] + 4.89039847686292e-5*x[106] + 5.93994980663482e-5*x[107] + 5.46727488993727e-5*x[108] - 0.00695123256811624*x[116] + 0.158163094718004*x[88] + 0.00852442994855285*x[89] - 0.0345661689609052*x[90] + 0.0280448807416306*x[91] - 0.00437081314496591*x[92] + 0.036819859523172*x[93] - 0.0137499967825607*x[94] + 0.128485331518184*x[95] + 0.0105729474914762*x[96] - 0.0263603611868508*x[97] - 0.0209419449483083*x[98] - 0.00469774336838392*x[99] - 0.491892370731045; 
    jac[411] = 0.0453197672355811*x[100] + 0.050635566527148*x[101] + 0.00018391697785749*x[102] + 0.00018367137929315*x[103] - 5.94990700178657e-5*x[104] - 4.31537660535725e-6*x[105] - 5.61526740050174e-5*x[106] + 9.58671270423054e-6*x[107] - 0.000101178751319775*x[108] + 0.000936205981972777*x[116] + 0.0648292987257778*x[88] - 0.0498804861542662*x[89] + 0.112487281549156*x[90] - 0.0218943460431279*x[91] - 0.0436698359161543*x[92] - 0.0508025026719453*x[93] + 0.0407221938031613*x[94] + 0.05469124446316*x[95] - 0.0483503622881878*x[96] + 0.0834436865128918*x[97] + 0.0108116901752443*x[98] - 0.0297508370457593*x[99] + 0.0662490537401158; 
    jac[412] = 0; 
    jac[413] = 0; 
    jac[414] = 0; 
    jac[415] = 0; 
    jac[416] = 0; 
    jac[417] = 0; 
    jac[418] = 0; 
    jac[419] = 0; 
    jac[420] = 0; 
    jac[421] = 0; 
    jac[422] = 0; 
    jac[423] = 0; 
    jac[424] = 0; 
    jac[425] = 0; 
    jac[426] = 0; 
    jac[427] = 0; 
    jac[428] = 0; 
    jac[429] = 0; 
    jac[430] = 0; 
    jac[431] = 0; 
    jac[432] = 0; 
    jac[433] = 0; 
    jac[434] = 0; 
    jac[435] = 0; 
    jac[436] = 0; 
    jac[437] = 0; 
    jac[438] = 0; 
    jac[439] = 0; 
    jac[440] = 0; 
    jac[441] = 0; 
    jac[442] = 0; 
    jac[443] = 0; 
    jac[444] = 0; 
    jac[445] = 0; 
    jac[446] = 0; 
    jac[447] = 0; 
    jac[448] = 0; 
    jac[449] = 0; 
    jac[450] = 0; 
    jac[451] = 0; 
    jac[452] = 0; 
    jac[453] = 0; 
    jac[454] = 0; 
    jac[455] = 0; 
    jac[456] = 0; 
    jac[457] = 0; 
    jac[458] = 0; 
    jac[459] = 0; 
    jac[460] = 0; 
    jac[461] = 0; 
    jac[462] = 0; 
    jac[463] = 0; 
    jac[464] = 0; 
    jac[465] = 0; 
    jac[466] = 0; 
    jac[467] = 0; 
    jac[468] = 0; 
    jac[469] = 0; 
    jac[470] = 0; 
    jac[471] = 0; 
    jac[472] = 0.00198259330116768*x[23] - 0.0663487544689297*x[24] + 0.0357541419207503*x[25] + 0.158163094718004*x[26] + 0.0648292987257778*x[27]; 
    jac[473] = -0.016430155317543*x[23] - 0.110412834530837*x[24] + 0.0608508634727732*x[25] + 0.00852442994855285*x[26] - 0.0498804861542662*x[27]; 
    jac[474] = 0.0821918249974107*x[23] - 0.0573309875485952*x[24] - 0.0651372026213455*x[25] - 0.0345661689609052*x[26] + 0.112487281549156*x[27]; 
    jac[475] = 0.134631283321669*x[23] + 0.0264774970174208*x[24] + 0.0452452693591462*x[25] + 0.0280448807416306*x[26] - 0.0218943460431279*x[27]; 
    jac[476] = 0.119955828785482*x[23] + 0.0143773876199033*x[24] + 0.0393643122740675*x[25] - 0.00437081314496591*x[26] - 0.0436698359161543*x[27]; 
    jac[477] = -0.0330635006538718*x[23] + 0.0795315749881622*x[24] + 0.0572811922626026*x[25] + 0.036819859523172*x[26] - 0.0508025026719453*x[27]; 
    jac[478] = 0.0272648897931311*x[23] + 0.116662542468409*x[24] - 0.0338503878406833*x[25] - 0.0137499967825607*x[26] + 0.0407221938031613*x[27]; 
    jac[479] = 0.00144116691839901*x[23] - 0.0545675496037687*x[24] + 0.0277306047262277*x[25] + 0.128485331518184*x[26] + 0.05469124446316*x[27]; 
    jac[480] = -0.0203626485125335*x[23] - 0.0871864075477156*x[24] + 0.0539676674585151*x[25] + 0.0105729474914762*x[26] - 0.0483503622881878*x[27]; 
    jac[481] = 0.0665939595806728*x[23] - 0.0531897003268892*x[24] - 0.0441868249613362*x[25] - 0.0263603611868508*x[26] + 0.0834436865128918*x[27]; 
    jac[482] = -0.100668599590751*x[23] - 0.019238855857198*x[24] - 0.029507893287994*x[25] - 0.0209419449483083*x[26] + 0.0108116901752443*x[27]; 
    jac[483] = 0.10966647828146*x[23] - 0.000349423445797175*x[24] + 0.0291739409032438*x[25] - 0.00469774336838392*x[26] - 0.0297508370457593*x[27]; 
    jac[484] = 0.00243276581096687*x[23] - 0.0860623778413303*x[24] - 0.0577333135717081*x[25] - 0.029508720121687*x[26] + 0.0453197672355811*x[27]; 
    jac[485] = 0.0222760927483621*x[23] + 0.0754231831410083*x[24] - 0.0253833851403008*x[25] - 0.0249950468903508*x[26] + 0.050635566527148*x[27]; 
    jac[486] = 3.25351418134174e-5*x[23] - 6.8499593329623e-5*x[24] - 9.03665949948941e-6*x[25] + 0.000236972572357151*x[26] + 0.00018391697785749*x[27]; 
    jac[487] = -5.94152327703182e-5*x[23] - 0.000143461433678084*x[24] - 0.000155403222955669*x[25] - 0.000114161173206987*x[26] + 0.00018367137929315*x[27]; 
    jac[488] = -9.74527507415698e-5*x[23] - 0.00020026015216952*x[24] + 0.000124282690603327*x[25] + 0.00012564094989989*x[26] - 5.94990700178657e-5*x[27]; 
    jac[489] = 0.000269840299944055*x[23] - 4.72916739970101e-6*x[24] + 8.55719758649128e-5*x[25] + 3.42815270080822e-5*x[26] - 4.31537660535725e-6*x[27]; 
    jac[490] = -0.000156083369611997*x[23] + 0.000134928441048889*x[24] + 7.17854545353941e-5*x[25] + 4.89039847686292e-5*x[26] - 5.61526740050174e-5*x[27]; 
    jac[491] = -0.000115236951952889*x[23] + 8.84166350993304e-5*x[24] + 1.36182702730619e-6*x[25] + 5.93994980663482e-5*x[26] + 9.58671270423054e-6*x[27]; 
    jac[492] = -6.46149376380318e-5*x[23] - 0.000158419108311447*x[24] - 3.32587185612541e-5*x[25] + 5.46727488993727e-5*x[26] - 0.000101178751319775*x[27]; 
    jac[493] = 0; 
    jac[494] = 0; 
    jac[495] = 0; 
    jac[496] = 0; 
    jac[497] = 0; 
    jac[498] = 0; 
    jac[499] = 0; 
    jac[500] = -4.30687433830291e-5*x[23] + 0.00178033158749564*x[24] - 0.00381513224023631*x[25] - 0.00695123256811624*x[26] + 0.000936205981972777*x[27]; 
    jac[501] = 0; 
    jac[502] = 0; 
    jac[503] = 0; 
    jac[504] = 0; 
    jac[505] = 0; 
    jac[506] = 0; 
    jac[507] = 0; 
    jac[508] = 0; 
    jac[509] = 0; 
    jac[510] = 0; 
    jac[511] = 0; 
    jac[512] = 0.00549808006218636; 
    jac[513] = -0.102117372238123; 
    jac[514] = -0.118504003311608; 
    jac[515] = 0.635215269734005; 
    jac[516] = -1.18418631053235; 
    jac[517] = 0; 
    jac[518] = 0; 
    jac[519] = 0; 
    jac[520] = 0; 
    jac[521] = 0; 
    jac[522] = 0; 
    jac[523] = 0; 
    jac[524] = 0; 
    jac[525] = 0; 
    jac[526] = 0; 
    jac[527] = 0; 
    jac[528] = 0; 
    jac[529] = 0; 
    jac[530] = 0; 
    jac[531] = 0; 
    jac[532] = 0; 
    jac[533] = 0; 
    jac[534] = 0; 
    jac[535] = 0.0750945414960506*x[100] - 0.0944409026803308*x[101] + 5.35317727088549e-7*x[102] + 1.94780500015996e-5*x[103] + 2.22526526082265e-5*x[104] - 9.67569979203403e-5*x[105] - 0.000151120286474083*x[106] + 0.000147189722975819*x[107] + 0.000164271543585006*x[108] - 8.41458906543047e-5*x[116] + 0.00337611816543872*x[88] - 0.00935298779607248*x[89] - 0.0322747357572397*x[90] + 0.0259685459482063*x[91] - 0.10232138305792*x[92] - 0.0588903724083408*x[93] - 0.137015004202628*x[94] + 0.00267823491080018*x[95] - 0.000194449779197564*x[96] - 0.0257649018064905*x[97] - 0.0327571060658344*x[98] - 0.0724008353730553*x[99] - 0.00595444350848961; 
    jac[536] = 0.00258110401502607*x[100] - 0.012839002610642*x[101] - 3.03694600569786e-5*x[102] + 5.43215172222272e-5*x[103] + 2.76565593575879e-5*x[104] - 0.000178279882696395*x[105] + 0.000141856229019167*x[106] - 8.0715559414193e-5*x[107] + 0.000100706398046757*x[108] + 0.000610809920456406*x[116] - 0.0136145318037064*x[88] + 0.00918763852590489*x[89] - 0.030610341498144*x[90] - 0.138537810465322*x[91] + 0.00129434442405836*x[92] + 0.0154311342825638*x[93] + 0.00113524667958627*x[94] - 0.0106618703853456*x[95] + 0.00742666221960229*x[96] - 0.0273634427031575*x[97] + 0.113594155856817*x[98] - 0.00979587607689476*x[99] + 0.043222944549065; 
    jac[537] = 0.0132260452509747*x[100] - 0.0214804020380673*x[101] + 0.000118361623056353*x[102] + 0.000162725290899871*x[103] + 5.15180620542862e-5*x[104] + 9.16129917416883e-5*x[105] - 3.93444975482063e-5*x[106] - 1.61460827074675e-6*x[107] + 8.24137868462129e-5*x[108] - 0.00096160654240114*x[116] + 0.0580858895343179*x[88] + 0.0317729748351976*x[89] + 0.106115457743912*x[90] + 0.00222920507431222*x[91] - 0.0322059248068157*x[92] + 0.00079850795756398*x[93] - 0.0248862841655223*x[94] + 0.0484946851582124*x[95] + 0.018085718497581*x[96] + 0.0886232269198423*x[97] - 0.00116073097162553*x[98] - 0.0237957965674787*x[99] - 0.0680464820040345; 
    jac[538] = -0.0027742239186279*x[100] + 0.00215477403962321*x[101] + 9.83563200474632e-5*x[102] - 2.27089324386495e-5*x[103] - 0.000176415660828786*x[104] - 5.39428164214392e-5*x[105] + 3.99426691349586e-5*x[106] + 2.82634507343177e-5*x[107] - 1.60491278739218e-5*x[108] + 0.000238761265908496*x[116] + 0.0153915509155232*x[88] - 0.117514000356989*x[89] + 0.00615075111349621*x[90] - 0.0144528014009196*x[91] - 0.00156622663901171*x[92] + 0.0100339312660247*x[93] + 0.00151399321214611*x[94] + 0.0132634387371323*x[95] - 0.0962289388590528*x[96] - 0.00523297088706938*x[97] + 0.00990762826149175*x[98] - 0.00328585936091723*x[99] + 0.0168955424776275; 
    jac[539] = -0.00398520358691821*x[100] + 0.00861006596368113*x[101] + 0.000149908130087859*x[102] - 8.40713164648802e-5*x[103] + 0.000101135669598173*x[104] - 2.21575255305991e-5*x[105] + 1.32044163713697e-5*x[106] + 9.99135724052268e-6*x[107] - 3.49920086802723e-5*x[108] - 0.00407677119842127*x[116] + 0.10508707744042*x[88] + 0.0103464567649993*x[89] - 0.0387450546204539*x[90] + 0.00375069903120767*x[91] + 0.00398154475619376*x[92] - 0.00372096994621537*x[93] + 0.0113452326103739*x[94] + 0.0852753031013779*x[95] + 0.0121681476478143*x[96] - 0.0315818091650491*x[97] - 0.00426745803055263*x[98] + 0.00392999634474172*x[99] - 0.288485909523082; 
    jac[540] = 0; 
    jac[541] = 0; 
    jac[542] = 0; 
    jac[543] = 0; 
    jac[544] = 0; 
    jac[545] = 0; 
    jac[546] = 0; 
    jac[547] = 0; 
    jac[548] = 0; 
    jac[549] = 0; 
    jac[550] = 0; 
    jac[551] = 0; 
    jac[552] = 0; 
    jac[553] = 0; 
    jac[554] = 0; 
    jac[555] = 0; 
    jac[556] = 0; 
    jac[557] = 0; 
    jac[558] = 0; 
    jac[559] = 0; 
    jac[560] = 0; 
    jac[561] = 0; 
    jac[562] = 0; 
    jac[563] = 0; 
    jac[564] = 0; 
    jac[565] = 0; 
    jac[566] = 0; 
    jac[567] = 0; 
    jac[568] = 0; 
    jac[569] = 0; 
    jac[570] = 0; 
    jac[571] = 0; 
    jac[572] = 0; 
    jac[573] = 0; 
    jac[574] = 0; 
    jac[575] = 0; 
    jac[576] = 0; 
    jac[577] = 0; 
    jac[578] = 0; 
    jac[579] = 0; 
    jac[580] = 0; 
    jac[581] = 0; 
    jac[582] = 0; 
    jac[583] = 0; 
    jac[584] = 0; 
    jac[585] = 0; 
    jac[586] = 0; 
    jac[587] = 0; 
    jac[588] = 0; 
    jac[589] = 0; 
    jac[590] = 0; 
    jac[591] = 0; 
    jac[592] = 0; 
    jac[593] = 0; 
    jac[594] = 0; 
    jac[595] = 0; 
    jac[596] = 0; 
    jac[597] = 0; 
    jac[598] = 0; 
    jac[599] = 0; 
    jac[600] = 0.00337611816543872*x[23] - 0.0136145318037064*x[24] + 0.0580858895343179*x[25] + 0.0153915509155232*x[26] + 0.10508707744042*x[27]; 
    jac[601] = -0.00935298779607248*x[23] + 0.00918763852590489*x[24] + 0.0317729748351976*x[25] - 0.117514000356989*x[26] + 0.0103464567649993*x[27]; 
    jac[602] = -0.0322747357572397*x[23] - 0.030610341498144*x[24] + 0.106115457743912*x[25] + 0.00615075111349621*x[26] - 0.0387450546204539*x[27]; 
    jac[603] = 0.0259685459482063*x[23] - 0.138537810465322*x[24] + 0.00222920507431222*x[25] - 0.0144528014009196*x[26] + 0.00375069903120767*x[27]; 
    jac[604] = -0.10232138305792*x[23] + 0.00129434442405836*x[24] - 0.0322059248068157*x[25] - 0.00156622663901171*x[26] + 0.00398154475619376*x[27]; 
